	Bang-BoseOff		
Frequency (Hz)	Level (dB)

11.139739	-74.91
11.301211	-75.06
11.465025	-75.23
11.631213	-75.40
11.799810	-75.59
11.970850	-75.76
12.144370	-75.92
12.320405	-76.06
12.498992	-76.16
12.680168	-76.24
12.863969	-76.25
13.050435	-76.20
13.239604	-76.07
13.431515	-75.86
13.626208	-75.60
13.823722	-75.30
14.024100	-74.93
14.227382	-74.59
14.433611	-74.22
14.642829	-73.88
14.855080	-73.57
15.070408	-73.26
15.288856	-72.99
15.510471	-72.71
15.735299	-72.46
15.963385	-72.20
16.194778	-71.94
16.429525	-71.69
16.667674	-71.42
16.909275	-71.18
17.154379	-70.93
17.403035	-70.68
17.655296	-70.45
17.911213	-70.23
18.170840	-70.02
18.434230	-69.81
18.701438	-69.61
18.972519	-69.42
19.247530	-69.24
19.526527	-69.07
19.809568	-68.94
20.096712	-68.87
20.388018	-68.87
20.683546	-68.99
20.983358	-69.21
21.287517	-69.53
21.596084	-69.90
21.909123	-70.22
22.226701	-70.40
22.548881	-70.41
22.875732	-70.27
23.207320	-70.08
23.543715	-69.90
23.884986	-69.77
24.231204	-69.69
24.582441	-69.65
24.938768	-69.61
25.300261	-69.56
25.666993	-69.48
26.039042	-69.38
26.416483	-69.24
26.799396	-69.07
27.187858	-68.79
27.581952	-68.31
27.981758	-67.64
28.387360	-66.84
28.798840	-66.07
29.216286	-65.44
29.639782	-65.05
30.069416	-64.86
30.505279	-64.86
30.947459	-65.02
31.396049	-65.31
31.851141	-65.61
32.312830	-65.70
32.781212	-65.42
33.256382	-64.84
33.738440	-64.14
34.227486	-63.33
34.723620	-62.32
35.226947	-60.99
35.737568	-59.55
36.255592	-58.33
36.781124	-57.48
37.314274	-57.04
37.855152	-57.00
38.403871	-57.41
38.960543	-58.31
39.525284	-59.46
40.098211	-60.28
40.679443	-60.40
41.269100	-60.01
41.867304	-59.50
42.474180	-59.24
43.089852	-59.49
43.714448	-60.11
44.348098	-60.65
44.990933	-60.84
45.643086	-60.88
46.304692	-60.95
46.975888	-61.07
47.656813	-60.99
48.347609	-60.08
49.048418	-58.31
49.759385	-56.44
50.480657	-54.95
51.212385	-54.25
51.954719	-54.65
52.707813	-55.57
53.471824	-55.62
54.246909	-54.90
55.033230	-54.23
55.830948	-53.54
56.640229	-52.74
57.461241	-52.13
58.294153	-51.89
59.139139	-52.09
59.996373	-52.31
60.866033	-51.95
61.748299	-51.70
62.643354	-51.91
63.551382	-50.93
64.472573	-47.64
65.407116	-44.33
66.355206	-42.56
67.317038	-42.27
68.292813	-43.53
69.282731	-46.03
70.286999	-48.27
71.305824	-48.58
72.339416	-48.53
73.387991	-48.55
74.451765	-46.51
75.530959	-43.42
76.625796	-41.52
77.736503	-41.17
78.863310	-42.05
80.006450	-42.02
81.166160	-41.57
82.342680	-41.36
83.536255	-41.13
84.747130	-42.22
85.975557	-41.58
87.221791	-38.83
88.486089	-36.58
89.768713	-35.86
91.069929	-36.76
92.390007	-37.31
93.729219	-36.36
95.087844	-37.37
96.466162	-40.25
97.864459	-41.88
99.283025	-41.98
100.722153	-43.43
102.182141	-46.05
103.663293	-47.92
105.165914	-48.94
106.690316	-48.85
108.236814	-48.89
109.805729	-47.56
111.397386	-47.94
113.012114	-51.92
114.650248	-53.45
116.312128	-49.81
117.998096	-45.87
119.708503	-40.35
121.443703	-38.01
123.204054	-35.68
124.989923	-31.43
126.801678	-31.29
128.639694	-33.06
130.504354	-31.69
132.396041	-32.15
134.315150	-35.35
136.262076	-35.79
138.237223	-34.27
140.241000	-32.39
142.273823	-32.96
144.336111	-31.77
146.428293	-31.37
148.550802	-30.06
150.704076	-29.84
152.888563	-32.17
155.104715	-35.48
157.352990	-38.09
159.633854	-35.43
161.947780	-36.63
164.295247	-40.04
166.676741	-33.75
169.092755	-32.96
171.543790	-33.99
174.030353	-32.67
176.552959	-36.79
179.112131	-41.71
181.708398	-44.80
184.342299	-48.21
187.014379	-47.50
189.725192	-48.78
192.475298	-50.85
195.265267	-45.23
198.095678	-40.04
200.967116	-41.46
203.880176	-45.68
206.835462	-43.44
209.833585	-41.11
212.875166	-37.85
215.960836	-42.75
219.091233	-36.07
222.267006	-36.52
225.488813	-43.87
228.757320	-38.06
232.073205	-40.11
235.437154	-39.13
238.849865	-34.73
242.312043	-35.83
245.824407	-37.29
249.387683	-42.40
253.002609	-47.90
256.669935	-46.78
260.390419	-46.64
264.164832	-47.87
267.993956	-52.47
271.878584	-58.78
275.819521	-55.14
279.817582	-49.51
283.873596	-45.89
287.988403	-43.37
292.162855	-41.91
296.397817	-45.59
300.694165	-41.59
305.052789	-38.15
309.474593	-40.62
313.960491	-42.47
318.511414	-38.45
323.128303	-40.58
327.812115	-40.35
332.563820	-43.82
337.384402	-46.33
342.274859	-40.44
347.236204	-40.87
352.269465	-42.57
357.375684	-40.20
362.555919	-35.53
367.811243	-42.04
373.142743	-40.38
378.551525	-43.52
384.038708	-41.01
389.605429	-36.85
395.252841	-43.88
400.982113	-44.24
406.794432	-42.92
412.691002	-41.60
418.673044	-40.59
424.741797	-41.15
430.898518	-40.09
437.144481	-37.03
443.480981	-37.93
449.909331	-40.43
456.430860	-42.25
463.046920	-41.87
469.758882	-42.45
476.568134	-41.32
483.476089	-47.51
490.484175	-47.44
497.593845	-49.67
504.806572	-53.58
512.123848	-58.68
519.547190	-70.25
527.078134	-55.52
534.718242	-53.28
542.469094	-52.07
550.332296	-52.06
558.309477	-48.25
566.402289	-47.40
574.612408	-48.02
582.941535	-54.85
591.391394	-52.22
599.963735	-45.32
608.660334	-45.88
617.482992	-50.64
626.433537	-50.95
635.513821	-51.75
644.725726	-57.92
654.071160	-58.76
663.552057	-57.96
673.170382	-59.49
682.928127	-58.89
692.827312	-60.94
702.869989	-58.01
713.058235	-60.24
723.394163	-63.79
733.879912	-62.58
744.517654	-65.80
755.309592	-71.79
766.257962	-72.38
777.365030	-75.40
788.633098	-72.70
800.064499	-67.82
811.661600	-69.37
823.426804	-70.49
835.362547	-79.11
847.471301	-83.65
859.755574	-76.35
872.217910	-74.91
884.860890	-68.56
897.687132	-64.68
910.699294	-67.32
923.900070	-68.75
937.292194	-66.66
950.878439	-66.72
964.661620	-72.71
978.644591	-71.22
992.830248	-73.08
1007.221529	-66.78
1021.821414	-67.07
1036.632928	-61.57
1051.659138	-64.77
1066.903156	-66.38
1082.368140	-65.40
1098.057291	-67.09
1113.973860	-69.39
1130.121143	-67.52
1146.502484	-66.64
1163.121276	-68.45
1179.980961	-73.43
1197.085030	-69.85
1214.437027	-71.52
1232.040544	-73.08
1249.899229	-68.77
1268.016778	-69.32
1286.396945	-72.19
1305.043536	-71.48
1323.960414	-76.39
1343.151496	-76.04
1362.620756	-77.35
1382.372227	-80.69
1402.410000	-80.60
1422.738225	-79.85
1443.361112	-80.90
1464.282931	-83.63
1485.508017	-86.68
1507.040765	-84.14
1528.885634	-83.47
1551.047150	-82.66
1573.529901	-82.45
1596.338544	-82.66
1619.477804	-79.70
1642.952471	-82.81
1666.767409	-80.07
1690.927550	-85.36
1715.437896	-91.27
1740.303526	-89.52
1765.529587	-82.17
1791.121306	-81.24
1817.083982	-78.25
1843.422992	-76.73
1870.143792	-76.41
1897.251916	-77.12
1924.752977	-73.59
1952.652672	-74.40
1980.956779	-71.83
2009.671159	-74.57
2038.801761	-74.94
2068.354617	-75.90
2098.335847	-79.69
2128.751662	-80.82
2159.608360	-85.21
2190.912333	-88.11
2222.670063	-82.26
2254.888128	-76.92
2287.573200	-76.03
2320.732050	-76.02
2354.371544	-79.18
2388.498649	-79.45
2423.120434	-86.19
2458.244069	-82.48
2493.876828	-79.92
2530.026092	-76.23
2566.699346	-77.21
2603.904187	-81.42
2641.648320	-84.53
2679.939562	-86.57
2718.785844	-88.50
2758.195211	-84.35
2798.175824	-86.51
2838.735965	-89.34
2879.884033	-91.76
2921.628551	-84.90
2963.978165	-84.12
3006.941645	-86.34
3050.527890	-88.95
3094.745927	-94.20
3139.604913	-101.06
3185.114139	-97.67
3231.283032	-89.70
3278.121151	-89.80
3325.638200	-87.17
3373.844017	-90.30
3422.748588	-95.19
3472.362041	-95.99
3522.694651	-97.53
3573.756843	-105.43
3625.559192	-99.24
3678.112427	-94.82
3731.427432	-91.79
3785.515249	-88.21
3840.387080	-90.20
3896.054290	-93.55
3952.528408	-100.55
4009.821129	-96.34
4067.944321	-94.55
4126.910020	-101.75
4186.730440	-101.81
4247.417969	-98.25
4308.985176	-97.03
4371.444813	-100.33
4434.809815	-102.77
4499.093306	-101.27
4564.308599	-100.07
4630.469202	-100.79
4697.588817	-99.51
4765.681344	-102.12
4834.760887	-98.91
4904.841752	-100.93
4975.938453	-100.43
5048.065717	-97.18
5121.238480	-94.38
5195.471897	-93.49
5270.781343	-95.50
5347.182415	-95.18
5424.690937	-93.61
5503.322961	-96.50
5583.094772	-99.53
5664.022893	-102.60
5746.124083	-108.71
5829.415347	-106.88
5913.913936	-103.08
5999.637349	-101.50
6086.603340	-99.29
6174.829922	-100.89
6264.335367	-103.29
6355.138211	-100.22
6447.257262	-98.95
6540.711597	-97.85
6635.520573	-97.88
6731.703824	-98.89
6829.281272	-102.55
6928.273125	-105.67
7028.699885	-99.22
7130.582353	-100.36
7233.941627	-104.46
7338.799116	-107.78
7445.176537	-107.33
7553.095920	-101.68
7662.579617	-101.42
7773.650302	-104.76
7886.330981	-107.93
8000.644989	-111.53
8116.616003	-111.19
8234.268041	-113.04
8353.625470	-110.49
8474.713009	-110.41
8597.555737	-109.81
8722.179097	-109.97
8848.608897	-106.87
8976.871324	-113.06
9106.992942	-108.84
9239.000700	-111.41
9372.921937	-116.60
9508.784391	-111.29
9646.616199	-111.99
9786.445908	-112.77
9928.302478	-111.61
10072.215288	-114.38
10218.214144	-113.68
10366.329284	-113.89
10516.591384	-114.98
10669.031565	-113.15
10823.681397	-112.75
10980.572911	-114.26
11139.738600	-118.41
11301.211429	-118.13
11465.024840	-118.05
11631.212760	-118.77
11799.809609	-118.41
11970.850305	-120.31
12144.370271	-119.83
12320.405445	-115.02
12498.992285	-113.42
12680.167779	-112.80
12863.969449	-114.18
13050.435363	-117.30
13239.604139	-121.36
13431.514956	-120.78
13626.207560	-122.04
13823.722274	-121.91
14024.100004	-121.72
14227.382252	-121.64
14433.611118	-121.63
14642.829314	-121.48
14855.080172	-122.20
15070.407650	-122.61
15288.856344	-123.00
15510.471498	-122.70
15735.299010	-122.08
15963.385443	-122.40
16194.778036	-122.47
16429.524714	-122.17
16667.674093	-122.12
16909.275497	-122.10
17154.378963	-121.66
17403.035256	-122.19
17655.295873	-122.81
17911.213060	-122.11
18170.839820	-122.15
18434.229924	-122.19
18701.437922	-122.17
18972.519156	-122.04
19247.529769	-122.40
19526.526718	-121.76
19809.567786	-122.10
20096.711592	-121.94
20388.017608	-121.81
20683.546166	-121.56
20983.358471	-121.65
21287.516618	-121.71
21596.083601	-121.50
21909.123326	-121.49
22226.700627	-121.48