	Bang-No		
Frequency (Hz)	Level (dB)

11.139739	-77.72
11.301211	-77.75
11.465025	-77.80
11.631213	-77.88
11.799810	-78.01
11.970850	-78.17
12.144370	-78.36
12.320405	-78.59
12.498992	-78.84
12.680168	-79.13
12.863969	-79.37
13.050435	-79.55
13.239604	-79.64
13.431515	-79.61
13.626208	-79.45
13.823722	-79.18
14.024100	-78.76
14.227382	-78.35
14.433611	-77.86
14.642829	-77.37
14.855080	-76.90
15.070408	-76.41
15.288856	-75.98
15.510471	-75.55
15.735299	-75.19
15.963385	-74.85
16.194778	-74.57
16.429525	-74.34
16.667674	-74.13
16.909275	-73.97
17.154379	-73.83
17.403035	-73.70
17.655296	-73.58
17.911213	-73.46
18.170840	-73.33
18.434230	-73.18
18.701438	-72.99
18.972519	-72.76
19.247530	-72.48
19.526527	-72.17
19.809568	-71.85
20.096712	-71.57
20.388018	-71.36
20.683546	-71.24
20.983358	-71.21
21.287517	-71.25
21.596084	-71.31
21.909123	-71.34
22.226701	-71.30
22.548881	-71.18
22.875732	-71.00
23.207320	-70.81
23.543715	-70.67
23.884986	-70.58
24.231204	-70.55
24.582441	-70.57
24.938768	-70.63
25.300261	-70.70
25.666993	-70.77
26.039042	-70.77
26.416483	-70.66
26.799396	-70.40
27.187858	-69.99
27.581952	-69.45
27.981758	-68.84
28.387360	-68.20
28.798840	-67.59
29.216286	-67.07
29.639782	-66.69
30.069416	-66.44
30.505279	-66.33
30.947459	-66.32
31.396049	-66.39
31.851141	-66.38
32.312830	-66.11
32.781212	-65.48
33.256382	-64.56
33.738440	-63.49
34.227486	-62.33
34.723620	-61.13
35.226947	-59.87
35.737568	-58.65
36.255592	-57.65
36.781124	-56.99
37.314274	-56.69
37.855152	-56.79
38.403871	-57.35
38.960543	-58.49
39.525284	-60.09
40.098211	-61.66
40.679443	-62.51
41.269100	-62.35
41.867304	-61.65
42.474180	-61.12
43.089852	-61.19
43.714448	-61.67
44.348098	-62.05
44.990933	-62.13
45.643086	-62.27
46.304692	-62.63
46.975888	-62.65
47.656813	-61.67
48.347609	-59.75
49.048418	-57.60
49.759385	-55.78
50.480657	-54.50
51.212385	-54.07
51.954719	-54.87
52.707813	-56.18
53.471824	-55.87
54.246909	-54.43
55.033230	-53.32
55.830948	-52.65
56.640229	-52.29
57.461241	-52.21
58.294153	-52.30
59.139139	-52.32
59.996373	-51.88
60.866033	-50.87
61.748299	-50.17
62.643354	-50.07
63.551382	-49.63
64.472573	-47.67
65.407116	-45.10
66.355206	-43.68
67.317038	-43.65
68.292813	-45.10
69.282731	-47.56
70.286999	-49.15
71.305824	-49.25
72.339416	-49.43
73.387991	-49.44
74.451765	-47.10
75.530959	-43.92
76.625796	-41.96
77.736503	-41.43
78.863310	-42.09
80.006450	-42.89
81.166160	-43.55
82.342680	-43.74
83.536255	-43.19
84.747130	-43.28
85.975557	-41.77
87.221791	-39.77
88.486089	-38.32
89.768713	-37.93
91.069929	-39.07
92.390007	-40.06
93.729219	-39.13
95.087844	-39.93
96.466162	-42.98
97.864459	-45.59
99.283025	-45.85
100.722153	-46.85
102.182141	-48.06
103.663293	-48.59
105.165914	-50.18
106.690316	-51.39
108.236814	-52.25
109.805729	-51.22
111.397386	-51.56
113.012114	-54.61
114.650248	-55.29
116.312128	-52.84
117.998096	-48.00
119.708503	-41.98
121.443703	-39.86
123.204054	-38.18
124.989923	-34.36
126.801678	-34.58
128.639694	-37.17
130.504354	-35.70
132.396041	-36.01
134.315150	-39.28
136.262076	-38.77
138.237223	-37.64
140.241000	-36.21
142.273823	-37.16
144.336111	-35.67
146.428293	-35.57
148.550802	-34.80
150.704076	-34.58
152.888563	-37.11
155.104715	-39.53
157.352990	-41.07
159.633854	-39.60
161.947780	-41.05
164.295247	-44.50
166.676741	-38.89
169.092755	-38.44
171.543790	-39.14
174.030353	-37.83
176.552959	-41.74
179.112131	-46.25
181.708398	-48.96
184.342299	-53.08
187.014379	-52.38
189.725192	-53.80
192.475298	-55.59
195.265267	-50.19
198.095678	-43.92
200.967116	-42.64
203.880176	-45.59
206.835462	-44.66
209.833585	-42.35
212.875166	-38.69
215.960836	-41.86
219.091233	-37.16
222.267006	-38.34
225.488813	-44.03
228.757320	-38.77
232.073205	-41.12
235.437154	-41.09
238.849865	-38.62
242.312043	-40.18
245.824407	-41.65
249.387683	-46.44
253.002609	-53.40
256.669935	-52.51
260.390419	-53.48
264.164832	-55.94
267.993956	-60.98
271.878584	-58.88
275.819521	-54.72
279.817582	-50.83
283.873596	-46.42
287.988403	-44.32
292.162855	-42.73
296.397817	-44.06
300.694165	-42.29
305.052789	-40.43
309.474593	-42.49
313.960491	-41.84
318.511414	-39.82
323.128303	-40.64
327.812115	-40.53
332.563820	-43.01
337.384402	-45.73
342.274859	-41.25
347.236204	-40.93
352.269465	-41.81
357.375684	-40.84
362.555919	-34.45
367.811243	-40.60
373.142743	-39.43
378.551525	-42.92
384.038708	-39.50
389.605429	-36.70
395.252841	-42.63
400.982113	-40.69
406.794432	-39.96
412.691002	-38.62
418.673044	-38.78
424.741797	-39.32
430.898518	-36.09
437.144481	-34.64
443.480981	-35.41
449.909331	-37.54
456.430860	-39.29
463.046920	-38.93
469.758882	-38.47
476.568134	-37.40
483.476089	-43.63
490.484175	-44.31
497.593845	-46.96
504.806572	-50.85
512.123848	-55.30
519.547190	-62.37
527.078134	-48.91
534.718242	-48.50
542.469094	-47.73
550.332296	-47.38
558.309477	-44.01
566.402289	-43.17
574.612408	-43.65
582.941535	-48.62
591.391394	-45.07
599.963735	-38.82
608.660334	-39.18
617.482992	-44.77
626.433537	-44.51
635.513821	-45.84
644.725726	-51.43
654.071160	-53.70
663.552057	-51.81
673.170382	-52.56
682.928127	-52.17
692.827312	-53.07
702.869989	-50.99
713.058235	-51.29
723.394163	-53.86
733.879912	-52.97
744.517654	-56.14
755.309592	-62.92
766.257962	-62.70
777.365030	-69.16
788.633098	-63.19
800.064499	-56.08
811.661600	-55.92
823.426804	-56.78
835.362547	-62.78
847.471301	-62.41
859.755574	-59.55
872.217910	-57.03
884.860890	-52.47
897.687132	-47.94
910.699294	-49.82
923.900070	-50.15
937.292194	-47.68
950.878439	-48.37
964.661620	-53.32
978.644591	-50.48
992.830248	-53.38
1007.221529	-46.60
1021.821414	-46.20
1036.632928	-40.96
1051.659138	-44.22
1066.903156	-46.40
1082.368140	-45.45
1098.057291	-46.77
1113.973860	-48.57
1130.121143	-47.39
1146.502484	-46.46
1163.121276	-47.72
1179.980961	-51.72
1197.085030	-49.87
1214.437027	-51.64
1232.040544	-53.77
1249.899229	-49.64
1268.016778	-50.08
1286.396945	-53.36
1305.043536	-52.40
1323.960414	-57.86
1343.151496	-60.34
1362.620756	-58.55
1382.372227	-58.74
1402.410000	-55.38
1422.738225	-53.23
1443.361112	-53.05
1464.282931	-53.71
1485.508017	-56.17
1507.040765	-54.40
1528.885634	-55.62
1551.047150	-55.50
1573.529901	-53.88
1596.338544	-52.19
1619.477804	-48.39
1642.952471	-52.58
1666.767409	-49.03
1690.927550	-50.33
1715.437896	-51.13
1740.303526	-52.80
1765.529587	-51.29
1791.121306	-53.53
1817.083982	-55.73
1843.422992	-58.07
1870.143792	-56.88
1897.251916	-56.84
1924.752977	-53.95
1952.652672	-58.31
1980.956779	-58.43
2009.671159	-61.69
2038.801761	-69.14
2068.354617	-64.90
2098.335847	-60.00
2128.751662	-58.45
2159.608360	-61.91
2190.912333	-66.39
2222.670063	-69.92
2254.888128	-63.01
2287.573200	-62.36
2320.732050	-61.64
2354.371544	-63.52
2388.498649	-59.82
2423.120434	-60.19
2458.244069	-57.02
2493.876828	-57.29
2530.026092	-53.85
2566.699346	-54.42
2603.904187	-56.32
2641.648320	-57.06
2679.939562	-56.30
2718.785844	-60.78
2758.195211	-61.09
2798.175824	-60.63
2838.735965	-59.46
2879.884033	-60.37
2921.628551	-55.00
2963.978165	-55.14
3006.941645	-58.92
3050.527890	-58.76
3094.745927	-60.47
3139.604913	-60.64
3185.114139	-57.52
3231.283032	-50.87
3278.121151	-50.55
3325.638200	-50.70
3373.844017	-53.78
3422.748588	-53.86
3472.362041	-53.47
3522.694651	-54.27
3573.756843	-55.89
3625.559192	-56.20
3678.112427	-56.72
3731.427432	-58.11
3785.515249	-54.68
3840.387080	-58.39
3896.054290	-59.84
3952.528408	-61.18
4009.821129	-57.90
4067.944321	-58.63
4126.910020	-59.22
4186.730440	-58.33
4247.417969	-58.96
4308.985176	-61.73
4371.444813	-62.72
4434.809815	-62.74
4499.093306	-62.84
4564.308599	-63.67
4630.469202	-65.89
4697.588817	-65.28
4765.681344	-64.43
4834.760887	-64.23
4904.841752	-71.31
4975.938453	-71.08
5048.065717	-67.84
5121.238480	-67.99
5195.471897	-69.67
5270.781343	-68.14
5347.182415	-70.01
5424.690937	-68.05
5503.322961	-70.44
5583.094772	-73.91
5664.022893	-71.79
5746.124083	-75.42
5829.415347	-80.57
5913.913936	-73.59
5999.637349	-72.98
6086.603340	-70.31
6174.829922	-74.15
6264.335367	-74.46
6355.138211	-72.87
6447.257262	-71.39
6540.711597	-71.81
6635.520573	-72.48
6731.703824	-73.95
6829.281272	-79.70
6928.273125	-80.46
7028.699885	-83.72
7130.582353	-82.64
7233.941627	-83.68
7338.799116	-84.64
7445.176537	-86.17
7553.095920	-85.21
7662.579617	-84.79
7773.650302	-81.94
7886.330981	-79.13
8000.644989	-79.77
8116.616003	-79.39
8234.268041	-85.71
8353.625470	-87.81
8474.713009	-90.23
8597.555737	-91.07
8722.179097	-92.73
8848.608897	-96.52
8976.871324	-102.68
9106.992942	-97.93
9239.000700	-102.59
9372.921937	-100.54
9508.784391	-95.65
9646.616199	-101.17
9786.445908	-100.01
9928.302478	-99.13
10072.215288	-98.52
10218.214144	-103.02
10366.329284	-105.78
10516.591384	-100.71
10669.031565	-101.28
10823.681397	-105.28
10980.572911	-101.62
11139.738600	-106.55
11301.211429	-105.36
11465.024840	-106.53
11631.212760	-105.46
11799.809609	-107.41
11970.850305	-105.59
12144.370271	-106.90
12320.405445	-105.09
12498.992285	-109.70
12680.167779	-105.60
12863.969449	-105.38
13050.435363	-103.25
13239.604139	-110.38
13431.514956	-109.23
13626.207560	-110.73
13823.722274	-109.82
14024.100004	-110.33
14227.382252	-108.47
14433.611118	-108.97
14642.829314	-108.02
14855.080172	-110.78
15070.407650	-107.54
15288.856344	-113.69
15510.471498	-113.09
15735.299010	-115.24
15963.385443	-115.63
16194.778036	-118.70
16429.524714	-117.75
16667.674093	-120.06
16909.275497	-121.02
17154.378963	-120.91
17403.035256	-120.52
17655.295873	-121.16
17911.213060	-119.34
18170.839820	-120.09
18434.229924	-120.80
18701.437922	-120.07
18972.519156	-120.55
19247.529769	-121.26
19526.526718	-121.36
19809.567786	-120.80
20096.711592	-120.51
20388.017608	-121.18
20683.546166	-120.96
20983.358471	-121.06
21287.516618	-121.53
21596.083601	-120.89
21909.123326	-121.07
22226.700627	-121.04