	Heli-SennOff		
Frequency (Hz)	Level (dB)

11.139739	-60.14
11.301211	-59.73
11.465025	-59.37
11.631213	-59.07
11.799810	-58.81
11.970850	-58.63
12.144370	-58.50
12.320405	-58.43
12.498992	-58.41
12.680168	-58.45
12.863969	-58.54
13.050435	-58.66
13.239604	-58.84
13.431515	-59.11
13.626208	-59.39
13.823722	-59.73
14.024100	-60.18
14.227382	-60.58
14.433611	-61.06
14.642829	-61.51
14.855080	-61.87
15.070408	-62.17
15.288856	-62.32
15.510471	-62.39
15.735299	-62.36
15.963385	-62.30
16.194778	-62.21
16.429525	-62.13
16.667674	-62.04
16.909275	-61.98
17.154379	-61.96
17.403035	-62.00
17.655296	-62.04
17.911213	-62.04
18.170840	-61.97
18.434230	-61.89
18.701438	-61.98
18.972519	-62.22
19.247530	-62.08
19.526527	-60.59
19.809568	-57.90
20.096712	-55.05
20.388018	-52.43
20.683546	-49.91
20.983358	-47.26
21.287517	-44.43
21.596084	-41.61
21.909123	-39.03
22.226701	-36.81
22.548881	-34.98
22.875732	-33.54
23.207320	-32.56
23.543715	-31.95
23.884986	-31.65
24.231204	-31.65
24.582441	-31.91
24.938768	-32.48
25.300261	-33.31
25.666993	-34.64
26.039042	-36.40
26.416483	-39.01
26.799396	-42.33
27.187858	-46.65
27.581952	-51.46
27.981758	-54.57
28.387360	-56.20
28.798840	-57.85
29.216286	-59.19
29.639782	-59.68
30.069416	-60.14
30.505279	-60.69
30.947459	-60.65
31.396049	-59.78
31.851141	-58.36
32.312830	-56.62
32.781212	-54.98
33.256382	-53.75
33.738440	-53.06
34.227486	-52.94
34.723620	-53.28
35.226947	-53.89
35.737568	-54.45
36.255592	-54.37
36.781124	-53.18
37.314274	-50.67
37.855152	-47.33
38.403871	-44.15
38.960543	-41.80
39.525284	-40.51
40.098211	-40.19
40.679443	-40.68
41.269100	-41.90
41.867304	-44.04
42.474180	-47.54
43.089852	-52.82
43.714448	-58.21
44.348098	-59.56
44.990933	-59.33
45.643086	-59.08
46.304692	-59.16
46.975888	-59.38
47.656813	-59.37
48.347609	-59.48
49.048418	-60.08
49.759385	-60.95
50.480657	-61.21
51.212385	-60.55
51.954719	-59.40
52.707813	-58.18
53.471824	-57.12
54.246909	-56.56
55.033230	-56.43
55.830948	-55.87
56.640229	-51.22
57.461241	-45.22
58.294153	-40.66
59.139139	-37.38
59.996373	-35.91
60.866033	-36.77
61.748299	-39.88
62.643354	-44.58
63.551382	-50.47
64.472573	-53.26
65.407116	-52.99
66.355206	-53.56
67.317038	-54.93
68.292813	-55.70
69.282731	-55.57
70.286999	-55.56
71.305824	-56.06
72.339416	-56.35
73.387991	-56.20
74.451765	-56.61
75.530959	-58.04
76.625796	-58.38
77.736503	-56.63
78.863310	-55.88
80.006450	-56.47
81.166160	-57.68
82.342680	-58.57
83.536255	-58.98
84.747130	-58.79
85.975557	-59.56
87.221791	-61.10
88.486089	-60.52
89.768713	-59.15
91.069929	-59.59
92.390007	-61.45
93.729219	-63.23
95.087844	-63.78
96.466162	-55.14
97.864459	-44.82
99.283025	-38.77
100.722153	-38.71
102.182141	-43.59
103.663293	-55.91
105.165914	-61.58
106.690316	-61.93
108.236814	-64.84
109.805729	-67.54
111.397386	-68.05
113.012114	-68.47
114.650248	-65.91
116.312128	-63.90
117.998096	-63.23
119.708503	-60.88
121.443703	-59.31
123.204054	-59.48
124.989923	-57.14
126.801678	-55.29
128.639694	-56.81
130.504354	-58.53
132.396041	-58.02
134.315150	-56.38
136.262076	-58.77
138.237223	-61.78
140.241000	-58.18
142.273823	-57.84
144.336111	-60.37
146.428293	-60.55
148.550802	-60.85
150.704076	-60.51
152.888563	-62.49
155.104715	-59.40
157.352990	-61.12
159.633854	-57.68
161.947780	-58.78
164.295247	-60.28
166.676741	-60.40
169.092755	-62.68
171.543790	-64.76
174.030353	-64.06
176.552959	-54.21
179.112131	-42.14
181.708398	-43.72
184.342299	-58.61
187.014379	-65.74
189.725192	-65.96
192.475298	-62.43
195.265267	-62.86
198.095678	-61.57
200.967116	-59.73
203.880176	-54.84
206.835462	-55.99
209.833585	-56.99
212.875166	-56.70
215.960836	-56.68
219.091233	-60.50
222.267006	-57.69
225.488813	-56.36
228.757320	-57.57
232.073205	-58.35
235.437154	-56.65
238.849865	-58.52
242.312043	-62.76
245.824407	-61.72
249.387683	-62.40
253.002609	-59.80
256.669935	-59.51
260.390419	-59.58
264.164832	-62.33
267.993956	-60.64
271.878584	-62.00
275.819521	-59.53
279.817582	-59.20
283.873596	-64.29
287.988403	-62.02
292.162855	-61.43
296.397817	-62.70
300.694165	-61.98
305.052789	-62.07
309.474593	-58.72
313.960491	-56.08
318.511414	-55.47
323.128303	-57.16
327.812115	-59.89
332.563820	-57.22
337.384402	-40.81
342.274859	-39.42
347.236204	-61.12
352.269465	-61.75
357.375684	-60.21
362.555919	-60.30
367.811243	-59.49
373.142743	-60.95
378.551525	-61.65
384.038708	-62.71
389.605429	-60.61
395.252841	-59.28
400.982113	-62.46
406.794432	-60.06
412.691002	-57.44
418.673044	-61.58
424.741797	-61.06
430.898518	-59.70
437.144481	-58.79
443.480981	-60.20
449.909331	-58.24
456.430860	-58.66
463.046920	-59.78
469.758882	-60.11
476.568134	-61.65
483.476089	-63.37
490.484175	-64.06
497.593845	-62.06
504.806572	-63.29
512.123848	-64.84
519.547190	-63.97
527.078134	-63.76
534.718242	-61.24
542.469094	-61.28
550.332296	-63.36
558.309477	-60.96
566.402289	-64.24
574.612408	-63.05
582.941535	-63.92
591.391394	-64.69
599.963735	-41.74
608.660334	-61.74
617.482992	-65.92
626.433537	-64.83
635.513821	-66.21
644.725726	-65.95
654.071160	-64.96
663.552057	-66.20
673.170382	-62.14
682.928127	-64.68
692.827312	-62.58
702.869989	-65.17
713.058235	-63.81
723.394163	-66.16
733.879912	-67.26
744.517654	-68.77
755.309592	-68.31
766.257962	-66.97
777.365030	-69.68
788.633098	-69.33
800.064499	-65.11
811.661600	-64.02
823.426804	-66.51
835.362547	-65.00
847.471301	-67.93
859.755574	-69.24
872.217910	-69.93
884.860890	-68.90
897.687132	-70.04
910.699294	-68.10
923.900070	-66.82
937.292194	-67.42
950.878439	-69.29
964.661620	-68.94
978.644591	-68.58
992.830248	-43.45
1007.221529	-43.06
1021.821414	-67.41
1036.632928	-65.89
1051.659138	-67.66
1066.903156	-68.79
1082.368140	-67.04
1098.057291	-68.72
1113.973860	-67.71
1130.121143	-67.51
1146.502484	-70.31
1163.121276	-72.70
1179.980961	-73.96
1197.085030	-72.85
1214.437027	-73.70
1232.040544	-74.98
1249.899229	-76.23
1268.016778	-76.25
1286.396945	-75.95
1305.043536	-76.09
1323.960414	-77.48
1343.151496	-78.55
1362.620756	-78.93
1382.372227	-79.49
1402.410000	-80.69
1422.738225	-80.95
1443.361112	-82.78
1464.282931	-82.66
1485.508017	-82.92
1507.040765	-82.97
1528.885634	-83.76
1551.047150	-84.20
1573.529901	-85.16
1596.338544	-84.69
1619.477804	-87.63
1642.952471	-86.19
1666.767409	-88.92
1690.927550	-89.54
1715.437896	-91.52
1740.303526	-90.16
1765.529587	-90.62
1791.121306	-89.85
1817.083982	-90.06
1843.422992	-89.21
1870.143792	-89.61
1897.251916	-64.68
1924.752977	-90.29
1952.652672	-90.42
1980.956779	-92.36
2009.671159	-92.03
2038.801761	-94.94
2068.354617	-93.73
2098.335847	-93.96
2128.751662	-93.54
2159.608360	-92.95
2190.912333	-93.37
2222.670063	-92.39
2254.888128	-92.18
2287.573200	-91.74
2320.732050	-94.72
2354.371544	-93.89
2388.498649	-92.76
2423.120434	-92.47
2458.244069	-93.91
2493.876828	-92.64
2530.026092	-92.34
2566.699346	-91.88
2603.904187	-92.44
2641.648320	-94.11
2679.939562	-93.98
2718.785844	-94.97
2758.195211	-94.97
2798.175824	-94.35
2838.735965	-93.03
2879.884033	-93.44
2921.628551	-95.00
2963.978165	-95.44
3006.941645	-95.84
3050.527890	-95.29
3094.745927	-94.35
3139.604913	-96.42
3185.114139	-95.09
3231.283032	-95.09
3278.121151	-95.67
3325.638200	-99.19
3373.844017	-98.57
3422.748588	-99.37
3472.362041	-95.09
3522.694651	-77.39
3573.756843	-101.94
3625.559192	-103.84
3678.112427	-104.10
3731.427432	-103.31
3785.515249	-103.05
3840.387080	-106.08
3896.054290	-105.59
3952.528408	-104.86
4009.821129	-106.04
4067.944321	-106.51
4126.910020	-104.32
4186.730440	-105.88
4247.417969	-103.81
4308.985176	-103.73
4371.444813	-104.51
4434.809815	-107.54
4499.093306	-77.85
4564.308599	-104.94
4630.469202	-104.04
4697.588817	-104.70
4765.681344	-103.23
4834.760887	-102.91
4904.841752	-103.67
4975.938453	-104.97
5048.065717	-104.60
5121.238480	-102.47
5195.471897	-102.33
5270.781343	-100.84
5347.182415	-100.88
5424.690937	-102.01
5503.322961	-102.38
5583.094772	-101.45
5664.022893	-101.11
5746.124083	-100.34
5829.415347	-101.63
5913.913936	-100.10
5999.637349	-100.99
6086.603340	-100.61
6174.829922	-99.10
6264.335367	-98.71
6355.138211	-97.38
6447.257262	-99.60
6540.711597	-100.10
6635.520573	-100.23
6731.703824	-99.26
6829.281272	-98.18
6928.273125	-99.15
7028.699885	-99.37
7130.582353	-101.50
7233.941627	-102.72
7338.799116	-105.54
7445.176537	-106.81
7553.095920	-109.08
7662.579617	-108.38
7773.650302	-109.60
7886.330981	-109.83
8000.644989	-110.00
8116.616003	-110.22
8234.268041	-111.63
8353.625470	-110.88
8474.713009	-112.76
8597.555737	-112.99
8722.179097	-112.90
8848.608897	-112.94
8976.871324	-113.07
9106.992942	-112.28
9239.000700	-111.74
9372.921937	-113.59
9508.784391	-113.49
9646.616199	-114.38
9786.445908	-115.65
9928.302478	-115.30
10072.215288	-116.31
10218.214144	-118.82
10366.329284	-120.12
10516.591384	-121.23
10669.031565	-120.66
10823.681397	-121.32
10980.572911	-121.44
11139.738600	-122.24
11301.211429	-121.73
11465.024840	-122.42
11631.212760	-122.20
11799.809609	-121.64
11970.850305	-121.21
12144.370271	-121.61
12320.405445	-120.77
12498.992285	-120.12
12680.167779	-120.17
12863.969449	-120.67
13050.435363	-120.47
13239.604139	-120.70
13431.514956	-121.28
13626.207560	-122.01
13823.722274	-121.74
14024.100004	-122.47
14227.382252	-122.21
14433.611118	-122.28
14642.829314	-119.23
14855.080172	-118.83
15070.407650	-120.27
15288.856344	-122.42
15510.471498	-122.34
15735.299010	-122.46
15963.385443	-122.43
16194.778036	-122.30
16429.524714	-122.68
16667.674093	-122.01
16909.275497	-122.41
17154.378963	-122.67
17403.035256	-122.14
17655.295873	-122.05
17911.213060	-122.39
18170.839820	-122.05
18434.229924	-122.91
18701.437922	-122.42
18972.519156	-122.24
19247.529769	-121.43
19526.526718	-122.18
19809.567786	-121.92
20096.711592	-121.50
20388.017608	-121.69
20683.546166	-121.56
20983.358471	-122.14
21287.516618	-121.02
21596.083601	-121.42
21909.123326	-121.36
22226.700627	-121.59