	Bang-SonyInEar-Off		
Frequency (Hz)	Level (dB)

11.139739	-80.76
11.301211	-81.03
11.465025	-81.29
11.631213	-81.52
11.799810	-81.73
11.970850	-81.85
12.144370	-81.89
12.320405	-81.84
12.498992	-81.70
12.680168	-81.43
12.863969	-81.09
13.050435	-80.69
13.239604	-80.23
13.431515	-79.66
13.626208	-79.14
13.823722	-78.61
14.024100	-78.00
14.227382	-77.49
14.433611	-76.94
14.642829	-76.42
14.855080	-75.93
15.070408	-75.44
15.288856	-75.03
15.510471	-74.62
15.735299	-74.28
15.963385	-73.99
16.194778	-73.76
16.429525	-73.59
16.667674	-73.46
16.909275	-73.38
17.154379	-73.31
17.403035	-73.25
17.655296	-73.18
17.911213	-73.08
18.170840	-72.95
18.434230	-72.76
18.701438	-72.51
18.972519	-72.21
19.247530	-71.85
19.526527	-71.45
19.809568	-71.05
20.096712	-70.69
20.388018	-70.40
20.683546	-70.20
20.983358	-70.08
21.287517	-70.02
21.596084	-69.97
21.909123	-69.86
22.226701	-69.67
22.548881	-69.39
22.875732	-69.07
23.207320	-68.76
23.543715	-68.49
23.884986	-68.29
24.231204	-68.17
24.582441	-68.13
24.938768	-68.16
25.300261	-68.27
25.666993	-68.48
26.039042	-68.73
26.416483	-69.05
26.799396	-69.36
27.187858	-69.61
27.581952	-69.69
27.981758	-69.47
28.387360	-68.98
28.798840	-68.35
29.216286	-67.73
29.639782	-67.23
30.069416	-66.85
30.505279	-66.57
30.947459	-66.35
31.396049	-66.18
31.851141	-66.00
32.312830	-65.74
32.781212	-65.36
33.256382	-64.83
33.738440	-64.14
34.227486	-63.23
34.723620	-62.03
35.226947	-60.51
35.737568	-58.94
36.255592	-57.66
36.781124	-56.81
37.314274	-56.42
37.855152	-56.45
38.403871	-56.97
38.960543	-58.03
39.525284	-59.48
40.098211	-60.77
40.679443	-61.34
41.269100	-61.14
41.867304	-60.59
42.474180	-60.20
43.089852	-60.29
43.714448	-60.73
44.348098	-61.12
44.990933	-61.31
45.643086	-61.52
46.304692	-61.90
46.975888	-62.12
47.656813	-61.67
48.347609	-60.36
49.048418	-58.53
49.759385	-56.59
50.480657	-54.91
51.212385	-54.09
51.954719	-54.47
52.707813	-55.44
53.471824	-55.40
54.246909	-54.38
55.033230	-53.36
55.830948	-52.62
56.640229	-52.15
57.461241	-51.91
58.294153	-51.90
59.139139	-52.17
59.996373	-52.16
60.866033	-51.15
61.748299	-50.34
62.643354	-50.28
63.551382	-49.85
64.472573	-47.76
65.407116	-45.10
66.355206	-43.61
67.317038	-43.50
68.292813	-44.85
69.282731	-47.27
70.286999	-49.06
71.305824	-49.10
72.339416	-49.09
73.387991	-49.06
74.451765	-46.97
75.530959	-44.04
76.625796	-42.16
77.736503	-41.66
78.863310	-42.31
80.006450	-42.95
81.166160	-43.38
82.342680	-43.55
83.536255	-43.20
84.747130	-43.59
85.975557	-42.58
87.221791	-40.58
88.486089	-38.94
89.768713	-38.44
91.069929	-39.45
92.390007	-40.31
93.729219	-39.55
95.087844	-40.49
96.466162	-43.46
97.864459	-45.86
99.283025	-46.42
100.722153	-47.77
102.182141	-49.43
103.663293	-50.48
105.165914	-52.39
106.690316	-53.63
108.236814	-54.19
109.805729	-52.65
111.397386	-52.70
113.012114	-55.50
114.650248	-55.86
116.312128	-52.62
117.998096	-47.63
119.708503	-41.50
121.443703	-39.29
123.204054	-37.67
124.989923	-33.87
126.801678	-33.92
128.639694	-36.07
130.504354	-34.76
132.396041	-35.19
134.315150	-38.32
136.262076	-38.20
138.237223	-37.20
140.241000	-35.66
142.273823	-36.36
144.336111	-35.14
146.428293	-34.96
148.550802	-34.20
150.704076	-34.11
152.888563	-36.58
155.104715	-39.52
157.352990	-41.16
159.633854	-39.55
161.947780	-40.95
164.295247	-44.39
166.676741	-38.49
169.092755	-37.87
171.543790	-38.56
174.030353	-37.41
176.552959	-41.54
179.112131	-46.30
181.708398	-48.77
184.342299	-52.22
187.014379	-49.64
189.725192	-50.04
192.475298	-53.58
195.265267	-49.75
198.095678	-44.29
200.967116	-43.82
203.880176	-47.12
206.835462	-45.36
209.833585	-43.14
212.875166	-39.57
215.960836	-43.22
219.091233	-38.56
222.267006	-39.30
225.488813	-46.85
228.757320	-40.72
232.073205	-43.47
235.437154	-44.71
238.849865	-42.31
242.312043	-44.98
245.824407	-47.68
249.387683	-53.69
253.002609	-61.35
256.669935	-53.15
260.390419	-50.62
264.164832	-49.21
267.993956	-46.80
271.878584	-47.68
275.819521	-46.93
279.817582	-46.20
283.873596	-43.56
287.988403	-42.49
292.162855	-41.36
296.397817	-43.98
300.694165	-41.49
305.052789	-39.32
309.474593	-41.95
313.960491	-41.83
318.511414	-38.86
323.128303	-40.02
327.812115	-39.96
332.563820	-42.61
337.384402	-44.96
342.274859	-40.03
347.236204	-39.68
352.269465	-40.89
357.375684	-39.39
362.555919	-33.18
367.811243	-39.44
373.142743	-37.48
378.551525	-40.60
384.038708	-37.39
389.605429	-34.25
395.252841	-40.66
400.982113	-39.14
406.794432	-38.35
412.691002	-36.62
418.673044	-36.76
424.741797	-37.14
430.898518	-34.39
437.144481	-32.67
443.480981	-33.92
449.909331	-36.02
456.430860	-37.98
463.046920	-37.30
469.758882	-37.44
476.568134	-36.17
483.476089	-42.55
490.484175	-43.12
497.593845	-45.43
504.806572	-48.59
512.123848	-51.35
519.547190	-58.09
527.078134	-49.91
534.718242	-48.48
542.469094	-47.11
550.332296	-46.72
558.309477	-42.61
566.402289	-41.32
574.612408	-41.79
582.941535	-47.92
591.391394	-45.61
599.963735	-39.46
608.660334	-39.88
617.482992	-45.03
626.433537	-44.79
635.513821	-45.73
644.725726	-49.76
654.071160	-50.19
663.552057	-49.26
673.170382	-53.66
682.928127	-55.55
692.827312	-56.68
702.869989	-52.36
713.058235	-51.76
723.394163	-52.99
733.879912	-52.04
744.517654	-55.02
755.309592	-58.36
766.257962	-56.19
777.365030	-55.02
788.633098	-54.83
800.064499	-50.14
811.661600	-50.60
823.426804	-50.70
835.362547	-56.01
847.471301	-52.57
859.755574	-51.02
872.217910	-50.71
884.860890	-48.15
897.687132	-44.84
910.699294	-47.69
923.900070	-48.81
937.292194	-46.45
950.878439	-46.55
964.661620	-51.69
978.644591	-49.79
992.830248	-53.24
1007.221529	-47.28
1021.821414	-47.06
1036.632928	-41.28
1051.659138	-43.56
1066.903156	-44.98
1082.368140	-43.57
1098.057291	-44.41
1113.973860	-46.70
1130.121143	-45.84
1146.502484	-45.25
1163.121276	-46.75
1179.980961	-50.67
1197.085030	-47.70
1214.437027	-49.30
1232.040544	-51.95
1249.899229	-49.49
1268.016778	-51.19
1286.396945	-54.37
1305.043536	-54.80
1323.960414	-63.30
1343.151496	-64.41
1362.620756	-58.28
1382.372227	-58.40
1402.410000	-54.79
1422.738225	-52.41
1443.361112	-52.38
1464.282931	-52.27
1485.508017	-53.32
1507.040765	-50.32
1528.885634	-51.39
1551.047150	-52.89
1573.529901	-55.22
1596.338544	-56.12
1619.477804	-52.44
1642.952471	-56.17
1666.767409	-52.20
1690.927550	-52.47
1715.437896	-52.75
1740.303526	-54.19
1765.529587	-52.33
1791.121306	-54.50
1817.083982	-55.32
1843.422992	-58.74
1870.143792	-60.00
1897.251916	-59.30
1924.752977	-56.14
1952.652672	-59.21
1980.956779	-56.48
2009.671159	-58.36
2038.801761	-58.21
2068.354617	-56.31
2098.335847	-54.31
2128.751662	-53.07
2159.608360	-55.23
2190.912333	-54.60
2222.670063	-61.44
2254.888128	-62.29
2287.573200	-55.24
2320.732050	-51.22
2354.371544	-52.18
2388.498649	-51.44
2423.120434	-54.08
2458.244069	-56.24
2493.876828	-60.52
2530.026092	-56.91
2566.699346	-54.64
2603.904187	-52.80
2641.648320	-54.44
2679.939562	-54.34
2718.785844	-57.66
2758.195211	-61.70
2798.175824	-59.86
2838.735965	-54.77
2879.884033	-56.72
2921.628551	-56.83
2963.978165	-58.56
3006.941645	-60.12
3050.527890	-57.51
3094.745927	-57.74
3139.604913	-58.03
3185.114139	-57.72
3231.283032	-52.95
3278.121151	-56.32
3325.638200	-55.83
3373.844017	-59.90
3422.748588	-64.42
3472.362041	-59.00
3522.694651	-57.39
3573.756843	-56.89
3625.559192	-58.22
3678.112427	-56.99
3731.427432	-58.17
3785.515249	-56.02
3840.387080	-57.87
3896.054290	-55.87
3952.528408	-61.28
4009.821129	-61.36
4067.944321	-56.34
4126.910020	-57.51
4186.730440	-57.58
4247.417969	-55.61
4308.985176	-58.27
4371.444813	-60.49
4434.809815	-57.24
4499.093306	-57.32
4564.308599	-59.54
4630.469202	-66.11
4697.588817	-64.73
4765.681344	-63.12
4834.760887	-62.29
4904.841752	-63.10
4975.938453	-74.45
5048.065717	-67.21
5121.238480	-66.91
5195.471897	-66.76
5270.781343	-67.03
5347.182415	-66.14
5424.690937	-65.50
5503.322961	-65.81
5583.094772	-73.64
5664.022893	-71.07
5746.124083	-69.54
5829.415347	-66.19
5913.913936	-67.96
5999.637349	-67.78
6086.603340	-66.12
6174.829922	-67.70
6264.335367	-69.88
6355.138211	-67.46
6447.257262	-70.18
6540.711597	-68.08
6635.520573	-70.74
6731.703824	-71.56
6829.281272	-73.42
6928.273125	-72.75
7028.699885	-70.47
7130.582353	-72.40
7233.941627	-75.36
7338.799116	-78.50
7445.176537	-82.15
7553.095920	-80.52
7662.579617	-84.02
7773.650302	-91.57
7886.330981	-83.20
8000.644989	-82.01
8116.616003	-83.76
8234.268041	-86.40
8353.625470	-85.35
8474.713009	-88.55
8597.555737	-93.24
8722.179097	-91.71
8848.608897	-86.82
8976.871324	-96.84
9106.992942	-95.75
9239.000700	-94.74
9372.921937	-93.14
9508.784391	-87.75
9646.616199	-89.37
9786.445908	-88.46
9928.302478	-90.87
10072.215288	-93.36
10218.214144	-92.40
10366.329284	-98.72
10516.591384	-99.56
10669.031565	-95.09
10823.681397	-94.33
10980.572911	-94.10
11139.738600	-99.13
11301.211429	-100.92
11465.024840	-100.22
11631.212760	-102.65
11799.809609	-102.22
11970.850305	-105.55
12144.370271	-103.64
12320.405445	-111.64
12498.992285	-113.74
12680.167779	-114.17
12863.969449	-114.57
13050.435363	-114.48
13239.604139	-116.78
13431.514956	-115.54
13626.207560	-117.14
13823.722274	-117.96
14024.100004	-117.51
14227.382252	-118.54
14433.611118	-121.29
14642.829314	-120.84
14855.080172	-119.90
15070.407650	-117.15
15288.856344	-121.47
15510.471498	-120.93
15735.299010	-116.91
15963.385443	-118.88
16194.778036	-120.81
16429.524714	-121.17
16667.674093	-121.39
16909.275497	-121.06
17154.378963	-120.35
17403.035256	-120.61
17655.295873	-120.45
17911.213060	-121.16
18170.839820	-120.29
18434.229924	-119.47
18701.437922	-120.21
18972.519156	-120.62
19247.529769	-120.09
19526.526718	-120.15
19809.567786	-120.30
20096.711592	-121.02
20388.017608	-120.95
20683.546166	-121.52
20983.358471	-121.50
21287.516618	-121.85
21596.083601	-121.40
21909.123326	-120.67
22226.700627	-121.39